pose_0:
  head_pitch: -17.84179685461277
  head_roll: 0.1758671224175086
  head_yaw: 0
pose_1:
  head_pitch: 9.584758171754217
  head_roll: 0.2638006836262629
  head_yaw: 0
pose_2:
  head_pitch: -1.757812497991406
  head_roll: 0.3517342448350171
  head_yaw: -0.03515624998780458
pose_time_0: 1
pose_time_1: 1
pose_time_2: 3
