pose_0:
  head_pitch: -0.263671874698711
  head_roll: 0.3517342448350171
  head_yaw: -22.66796873415814

pose_time_0: 3
