pose_0:
  waist_yaw: -26.3378906200554
pose_1:
  waist_yaw: -0.08789062498349968
pose_time_0: 3
pose_time_1: 3
