pose_0:
  waist_yaw: 18.202247187594
pose_1:
  waist_yaw: -19.21874999639193
pose_time_0: 3
pose_time_1: 5