pose_0:
  waist_yaw: 10.01612114896119
pose_1:
  waist_yaw: -10.5390624948299
pose_2:
  waist_yaw: -0.2050781249614992

pose_time_0: 2.7
pose_time_1: 3.2
pose_time_2: 2.7
